%YAML:1.0
---
model_type: PINHOLE
camera_name: camera
image_width: 640
image_height: 480
distortion_parameters:
   k1: 0.002056331324022
   k2: -0.006722777986523
   p1: 0
   p2: 0
projection_parameters:
   fx: 378.9499338662045
   fy: 378.9507975421321
   cx: 321.5308027037405
   cy: 242.8304397646636
