%YAML:1.0
---
model_type: PINHOLE
camera_name: camera
image_width: 640
image_height: 480
distortion_parameters:
   k1: -0.001585280711638
   k2: -0.014906866859562
   p1: 0
   p2: 0
projection_parameters:
   fx: 389.6295636053912
   fy: 389.5471658432442
   cx: 322.9437002586174
   cy: 246.2542755881273
