%YAML:1.0
---
model_type: PINHOLE
camera_name: camera
image_width: 640
image_height: 480
distortion_parameters:
   k1: -0.008309854421188
   k2: 0.0009472854557747571
   p1: 0
   p2: 0
projection_parameters:
   fx: 385.6314931992147
   fy: 385.1853610545884
   cx: 321.6202854495742
   cy: 245.6873726018978
