%YAML:1.0
---
model_type: PINHOLE
camera_name: camera
image_width: 640
image_height: 480
distortion_parameters:
   k1: 0
   k2: 0
   p1: 0
   p2: 0
projection_parameters:
   fx: 380.08502197265625
   fy: 380.08502197265625
   cx: 320.72845458984375
   cy: 242.12550354003906
