Pose3_CL =

    1.0000         0         0         0
         0    0.5736   -0.8192    0.0450
         0    0.8192    0.5736   -0.1900

旋转四元数：qw qx qy qz: 0.8870    0.4617         0         0
