%YAML:1.0

#common parameters
#support: 1 imu 1 cam; 1 imu 2 cam: 2 cam; 
imu: 1         
num_of_cam: 2  

imu_topic: "/mti/sensor/imu"
image0_topic: "/GroundCameraLeft/image_raw"
image1_topic: "/GroundCameraRight/image_raw"
output_path: "/home/dji/output/"

cam0_calib: "FrontLeft.yaml"
cam1_calib: "FrontRight.yaml"
image_width: 720
image_height: 540
   

# Extrinsic parameter between IMU and Camera.
estimate_extrinsic: 1   # 0  Have an accurate extrinsic parameters. We will trust the following imu^R_cam, imu^T_cam, don't change it.
                        # 1  Have an initial guess about extrinsic parameters. We will optimize around your initial guess.

body_T_cam0: !!opencv-matrix
   rows: 4
   cols: 4
   dt: d
   data: [-0.0405110210118781, 0.0404344277439137, 0.998360613320455, -0.00428109044221981,
          -0.997084262247180, -0.0663031418140764, -0.0377738979267283, -0.00532067603620672,
           0.0646670793802502, -0.996979914761879, 0.043002539527610, -0.00120841677654612,
           0,          0,          0,          1]
body_T_cam1: !!opencv-matrix
   rows: 4
   cols: 4
   dt: d
   data: [-0.0273333667951004, 0.0444273835807794, 0.998638620647034, -0.0587182823845449,
          -0.998122040730172, -0.0559997000031374, -0.0248279159051944, -0.153110004183499,
           0.0548204238243495, -0.997441848524376, 0.0458746111045510, 0.0103371279588185,
           0, 0, 0, 1]

center_T_imu: !!opencv-matrix
   rows: 4
   cols: 4
   dt: d
   data: [ 1.0, 0.0,0.0, 0,
           0.0, 1.0,0.0, 0,
           0.0, 0.0, 1.0, 0, 
           0.0, 0.0, 0.0, 1.0 ]

#Multiple thread support
multiple_thread: 1

#feature traker paprameters
max_cnt: 110            # max feature number in feature tracking
min_dist: 30            # min distance between two features 
freq: 10                # frequence (Hz) of publish tracking result. At least 10Hz for good estimation. If set 0, the frequence will be same as raw image 
F_threshold: 1.0        # ransac threshold (pixel)
show_track: 0           # publish tracking image as topic
flow_back: 1            # perform forward and backward optical flow to improve feature tracking accuracy

#optimization parameters
max_solver_time: 0.04  # max solver itration time (ms), to guarantee real time
max_num_iterations: 8   # max solver itrations, to guarantee real time
keyframe_parallax: 10.0 # keyframe selection threshold (pixel)

#imu parameters       The more accurate parameters you provide, the better performance
acc_n: 0.2          # accelerometer measurement noise standard deviation. #0.2   0.04
gyr_n: 0.05         # gyroscope measurement noise standard deviation.     #0.05  0.004
acc_w: 0.002         # accelerometer bias random work noise standard deviation.  #0.002
gyr_w: 0.0004       # gyroscope bias random work noise standard deviation.     #4.0e-5
g_norm: 9.805         # gravity magnitude

#unsynchronization parameters
estimate_td: 1                      # online estimate time offset between camera and imu
td: -0.018                             # initial value of time offset. unit: s. readed image clock + td = real image clock (IMU clock)

#loop closure parameters
load_previous_pose_graph: 1        # load and reuse previous pose graph; load from 'pose_graph_save_path'
pose_graph_save_path: "/home/dji/output/pose_graph/" # save and load path
save_image: 0                   # save image in pose graph for visualization prupose; you can close this function by setting 0
pg_R_vio_buffer_length: 10
pg_t_vio_buffer_length: 5 
